# z[m]
-5e-07
-4.96094e-07
-4.92188e-07
-4.88281e-07
-4.84375e-07
-4.80469e-07
-4.76563e-07
-4.72656e-07
-4.6875e-07
-4.64844e-07
-4.60938e-07
-4.57031e-07
-4.53125e-07
-4.49219e-07
-4.45313e-07
-4.41406e-07
-4.375e-07
-4.33594e-07
-4.29688e-07
-4.25781e-07
-4.21875e-07
-4.17969e-07
-4.14063e-07
-4.10156e-07
-4.0625e-07
-4.02344e-07
-3.98438e-07
-3.94531e-07
-3.90625e-07
-3.86719e-07
-3.82813e-07
-3.78906e-07
-3.75e-07
-3.71094e-07
-3.67188e-07
-3.63281e-07
-3.59375e-07
-3.55469e-07
-3.51563e-07
-3.47656e-07
-3.4375e-07
-3.39844e-07
-3.35938e-07
-3.32031e-07
-3.28125e-07
-3.24219e-07
-3.20313e-07
-3.16406e-07
-3.125e-07
-3.08594e-07
-3.04688e-07
-3.00781e-07
-2.96875e-07
-2.92969e-07
-2.89063e-07
-2.85156e-07
-2.8125e-07
-2.77344e-07
-2.73438e-07
-2.69531e-07
-2.65625e-07
-2.61719e-07
-2.57813e-07
-2.53906e-07
-2.5e-07
-2.46094e-07
-2.42188e-07
-2.38281e-07
-2.34375e-07
-2.30469e-07
-2.26563e-07
-2.22656e-07
-2.1875e-07
-2.14844e-07
-2.10938e-07
-2.07031e-07
-2.03125e-07
-1.99219e-07
-1.95313e-07
-1.91406e-07
-1.875e-07
-1.83594e-07
-1.79688e-07
-1.75781e-07
-1.71875e-07
-1.67969e-07
-1.64063e-07
-1.60156e-07
-1.5625e-07
-1.52344e-07
-1.48438e-07
-1.44531e-07
-1.40625e-07
-1.36719e-07
-1.32812e-07
-1.28906e-07
-1.25e-07
-1.21094e-07
-1.17188e-07
-1.13281e-07
-1.09375e-07
-1.05469e-07
-1.01563e-07
-9.76562e-08
-9.375e-08
-8.98438e-08
-8.59375e-08
-8.20313e-08
-7.8125e-08
-7.42188e-08
-7.03125e-08
-6.64063e-08
-6.25e-08
-5.85937e-08
-5.46875e-08
-5.07813e-08
-4.6875e-08
-4.29687e-08
-3.90625e-08
-3.51563e-08
-3.125e-08
-2.73438e-08
-2.34375e-08
-1.95313e-08
-1.5625e-08
-1.17187e-08
-7.8125e-09
-3.90625e-09
0
3.90625e-09
7.8125e-09
1.17187e-08
1.5625e-08
1.95313e-08
2.34375e-08
2.73438e-08
3.125e-08
3.51563e-08
3.90625e-08
4.29687e-08
4.6875e-08
5.07812e-08
5.46875e-08
5.85938e-08
6.25e-08
6.64063e-08
7.03125e-08
7.42188e-08
7.8125e-08
8.20312e-08
8.59375e-08
8.98438e-08
9.375e-08
9.76563e-08
1.01563e-07
1.05469e-07
1.09375e-07
1.13281e-07
1.17187e-07
1.21094e-07
1.25e-07
1.28906e-07
1.32813e-07
1.36719e-07
1.40625e-07
1.44531e-07
1.48438e-07
1.52344e-07
1.5625e-07
1.60156e-07
1.64063e-07
1.67969e-07
1.71875e-07
1.75781e-07
1.79688e-07
1.83594e-07
1.875e-07
1.91406e-07
1.95312e-07
1.99219e-07
2.03125e-07
2.07031e-07
2.10938e-07
2.14844e-07
2.1875e-07
2.22656e-07
2.26563e-07
2.30469e-07
2.34375e-07
2.38281e-07
2.42188e-07
2.46094e-07
2.5e-07
2.53906e-07
2.57813e-07
2.61719e-07
2.65625e-07
2.69531e-07
2.73438e-07
2.77344e-07
2.8125e-07
2.85156e-07
2.89063e-07
2.92969e-07
2.96875e-07
3.00781e-07
3.04688e-07
3.08594e-07
3.125e-07
3.16406e-07
3.20313e-07
3.24219e-07
3.28125e-07
3.32031e-07
3.35938e-07
3.39844e-07
3.4375e-07
3.47656e-07
3.51563e-07
3.55469e-07
3.59375e-07
3.63281e-07
3.67188e-07
3.71094e-07
3.75e-07
3.78906e-07
3.82813e-07
3.86719e-07
3.90625e-07
3.94531e-07
3.98438e-07
4.02344e-07
4.0625e-07
4.10156e-07
4.14063e-07
4.17969e-07
4.21875e-07
4.25781e-07
4.29688e-07
4.33594e-07
4.375e-07
4.41406e-07
4.45313e-07
4.49219e-07
4.53125e-07
4.57031e-07
4.60937e-07
4.64844e-07
4.6875e-07
4.72656e-07
4.76563e-07
4.80469e-07
4.84375e-07
4.88281e-07
4.92188e-07
4.96094e-07
